7177 
1354 
1320 
1356 
1382 
1380 
1412 
1399 
1383 
1407 
1428 
1484 
1478 
1485 
1478 
1551 
1554 
1597 
1531 
1558 
1581 
1535 
1513 
1508 
1519 
1493 
1518 
1472 
1469 
1464 
1428 
1401 
1402 
1399 
1405 
1376 
1374 
1375 
1387 
1388 
1398 
1387 
1377 
1373 
1402 
1391 
1391 
1375 
1368 
1372 
1371 
1353 
1374 
1351 
1343 
1372 
1353 
1325 
1307 
1290 
1320 
1329 
1326 
1263 
1257 
1248 
1272 
1281 
1307 
1328 
1306 
1292 
1305 
1308 
1306 
1373 
1353 
1342 
1376 
1431 
1447 
1452 
1483 
1458 
1446 
1441 
1469 
1471 
1472 
1504 
1472 
1474 
1491 
1452 
1443 
1401 
1402 
1389 
1381 
1349 
1327 
1326 
1366 
1283 
1247 
1252 
1314 
1253 
1366 
1443 
1465 
1402 
1385 
1357 
1321 
1319 
1267 
1307 
1283 
1203 
1181 
1252 
1398 
1391 
1338 
1262 
1227 
1226 
1187 
1185 
1201 
1166 
1154 
1152 
1151 
1132 
1112 
1120 
1148 
1154 
1123 
1107 
1109 
1096 
1090 
1081 
1121 
1129 
1136 
1132 
1116 
1085 
1082 
1081 
1090 
1079 
1062 
1053 
1048 
1049 
1043 
1041 
1039 
1039 
1035 
1031 
1031 
1017 
1018 
1015 
1017 
1012 
1012 
1009 
1006 
1008 
1005 
1007 
1012 
1018 
1018 
1014 
1013 
1006 
1008 
1006 
1003 
1000 
998 
1026 
1043 
1040 
1047 
1038 
1053 
1046 
1044 
1044 
1038 
1034 
1039 
1028 
1026 
1029 
1023 
1039 
1047 
1029 
1031 
1025 
1032 
1030 
1024 
1017 
1017 
1025 
1026 
1031 
1037 
1038 
1046 
1046 
1044 
1042 
1045 
1043 
1037 
1045 
1047 
1046 
1047 
1047 
1039 
1030 
1015 
1009 
1010 
1003 
1004 
1001 
997 
996 
996 
991 
997 
992 
998 
992 
988 
989 
980 
973 
975 
975 
976 
974 
975 
976 
972 
981 
990 
991 
988 
990 
976 
992 
1001 
1006 
1014 
1010 
1024 
998 
980 
971 
962 
969 
958 
950 
948 
947 
948 
943 
937 
941 
946 
947 
948 
948 
946 
944 
944 
945 
946 
946 
945 
946 
946 
942 
942 
944 
943 
943 
944 
944 
942 
946 
948 
947 
950 
947 
953 
945 
946 
944 
936 
937 
938 
938 
938 
942 
941 
939 
937 
940 
933 
936 
936 
940 
940 
940 
940 
940 
944 
939 
940 
934 
930 
925 
927 
924 
924 
919 
922 
923 
923 
925 
925 
929 
931 
929 
930 
929 
933 
929 
922 
919 
918 
915 
914 
919 
911 
907 
908 
906 
908 
908 
907 
904 
901 
907 
907 
908 
917 
918 
918 
919 
918 
916 
917 
918 
917 
919 
917 
917 
917 
916 
915 
917 
914 
914 
913 
915 
920 
921 
921 
921 
921 
923 
926 
926 
928 
928 
931 
931 
936 
939 
938 
939 
938 
938 
937 
939 
940 
939 
940 
939 
937 
943 
941 
946 
944 
942 
944 
939 
932 
930 
928 
927 
923 
923 
921 
927 
920 
923 
921 
921 
922 
922 
916 
914 
915 
915 
915 
917 
918 
918 
917 
917 
919 
920 
920 
920 
921 
919 
919 
919 
923 
926 
927 
928 
926 
927 
926 
927 
925 
928 
927 
930 
930 
931 
931 
931 
929 
928 
927 
927 
929 
928 
929 
929 
929 
931 
932 
932 
931 
930 
932 
931 
925 
924 
923 
926 
926 
924 
925 
923 
925 
927 
930 
931 
931 
929 
929 
927 
927 
926 
927 
928 
927 
929 
930 
929 
932 
933 
933 
933 
933 
932 
936 
935 
938 
940 
941 
940 
942 
938 
939 
937 
937 
938 
943 
942 
944 
944 
947 
944 
944 
945 
947 
946 
950 
949 
942 
942 
940 
939 
937 
940 
940 
938 
936 
936 
933 
935 
940 
936 
935 
935 
934 
932 
935 
938 
938 
938 
943 
941 
941 
939 
935 
939 
940 
937 
939 
937 
936 
937 
939 
942 
940 
940 
938 
934 
931 
932 
925 
927 
930 
930 
928 
931 
929 
929 
927 
926 
927 
930 
923 
921 
924 
921 
926 
925 
915 
919 
921 
928 
928 
929 
931 
931 
931 
928 
930 
929 
935 
935 
938 
936 
942 
938 
934 
934 
937 
935 
937 
942 
938 
938 
937 
939 
944 
943 
948 
954 
956 
959 
958 
954 
956 
954 
953 
956 
956 
960 
961 
962 
952 
949 
949 
946 
948 
945 
945 
944 
944 
944 
945 
942 
948 
953 
955 
957 
955 
956 
959 
959 
956 
956 
957 
955 
957 
958 
961 
961 
960 
964 
961 
959 
956 
956 
957 
958 
961 
961 
964 
966 
962 
960 
960 
964 
963 
962 
964 
962 
955 
955 
953 
950 
952 
953 
952 
950 
953 
952 
956 
959 
954 
950 
948 
945 
943 
941 
948 
947 
947 
944 
946 
955 
959 
959 
957 
958 
958 
954 
956 
960 
957 
958 
959 
961 
957 
954 
956 
948 
948 
943 
945 
946 
946 
946 
947 
945 
944 
948 
945 
951 
946 
943 
948 
941 
953 
935 
932 
930 
928 
930 
933 
940 
937 
939 
938 
943 
944 
944 
946 
937 
943 
947 
945 
951 
953 
958 
961 
961 
953 
951 
955 
955 
961 
960 
967 
972 
975 
977 
978 
977 
978 
976 
971 
968 
966 
970 
971 
974 
973 
979 
983 
981 
983 
980 
974 
971 
969 
972 
969 
969 
971 
966 
973 
969 
969 
971 
972 
975 
970 
976 
967 
973 
973 
959 
964 
971 
973 
965 
965 
973 
971 
970 
971 
978 
978 
981 
985 
989 
991 
985 
983 
976 
978 
981 
982 
981 
993 
997 
1000 
1007 
1008 
1007 
1013 
1012 
1012 
1013 
1014 
1020 
1018 
1016 
1014 
1011 
1013 
1024 
1030 
1034 
1034 
1034 
1032 
1035 
1037 
1037 
1033 
1038 
1034 
1043 
1038 
1036 
1043 
1039 
1034 
1032 
1034 
1033 
1037 
1039 
1046 
1048 
1046 
1047 
1051 
1044 
1041 
1041 
1043 
1044 
1040 
1047 
1050 
1054 
1058 
1052 
1049 
1052 
1050 
1043 
1046 
1045 
1044 
1039 
1036 
1038 
1039 
1042 
1043 
1048 
1037 
1035 
1037 
1034 
1035 
1027 
1026 
1029 
1028 
1028 
1025 
1024 
1024 
1025 
1024 
1027 
1027 
1024 
1025 
1023 
1034 
1033 
1038 
1031 
1028 
1029 
1031 
1026 
1022 
1028 
1021 
1017 
1018 
1015 
1016 
1013 
1010 
1014 
1016 
1017 
1011 
1013 
1019 
1025 
1028 
1024 
1027 
1030 
1023 
1024 
1021 
1040 
1043 
1035 
1039 
1034 
1040 
1038 
1041 
1053 
1051 
1054 
1049 
1040 
1030 
1034 
1031 
1022 
1014 
1013 
1012 
1010 
1008 
1011 
1009 
1013 
1013 
1014 
1018 
1010 
1006 
1007 
1005 
1003 
1006 
1013 
1016 
1009 
1003 
1002 
1001 
1001 
1000 
1004 
1008 
1007 
999 
1008 
1005 
1004 
1000 
999 
1000 
1002 
1003 
999 
1000 
1001 
1000 
999 
1003 
1000 
998 
998 
1000 
1006 
1006 
1011 
1017 
1018 
1020 
1010 
1019 
1008 
1013 
1013 
1017 
1016 
1019 
1012 
1017 
1023 
1025 
1019 
1015 
1013 
1013 
1014 
1010 
1005 
1001 
1002 
1003 
1000 
998 
1000 
998 
1003 
1005 
1003 
1009 
1009 
1004 
1003 
1002 
1009 
1005 
1003 
1023 
1025 
1026 
1028 
1022 
1027 
1035 
1035 
1045 
1040 
1027 
1025 
1027 
1028 
1029 
1028 
1024 
1024 
1028 
1037 
1032 
1034 
1037 
1038 
1036 
1035 
1035 
1034 
1035 
1040 
1051 
1053 
1060 
1043 
1047 
1038 
1036 
1039 
1044 
1046 
1043 
1049 
1049 
1052 
1054 
1055 
1063 
1058 
1055 
1061 
1056 
1069 
1060 
1060 
1043 
1042 
1040 
1046 
1046 
1049 
1046 
1047 
1057 
1066 
1064 
1065 
1061 
1077 
1078 
1091 
1094 
1102 
1111 
1114 
1106 
1106 
1106 
1112 
1117 
1115 
1121 
1119 
1123 
1125 
1133 
1134 
1136 
1143 
1143 
1142 
1142 
1144 
1145 
1146 
1145 
1146 
1143 
1150 
1154 
1149 
1149 
1150 
1153 
1152 
1156 
1158 
1150 
1152 
1145 
1146 
1146 
1146 
1146 
1146 
1145 
1146 
1144 
1144 
1146 
1151 
1151 
1150 
1148 
1148 
1151 
1153 
1153 
1152 
1156 
1157 
1154 
1153 
1155 
1156 
1154 
1156 
1156 
1162 
1156 
1156 
1157 
1156 
1170 
1164 
1162 
1160 
1166 
1170 
1170 
1170 
1165 
1165 
1162 
1165 
1162 
1156 
1159 
1164 
1153 
1150 
1148 
1145 
1151 
1150 
1155 
1154 
1151 
1153 
1152 
1152 
1150 
1151 
1151 
1158 
1159 
1156 
1155 
1154 
1159 
1155 
1164 
1164 
1156 
1161 
1156 
1157 
1162 
1165 
1161 
1165 
1159 
1162 
1166 
1171 
1179 
1179 
1177 
1178 
1175 
1183 
1187 
1187 
1187 
1181 
1184 
1188 
1182 
1169 
1163 
1168 
1171 
1175 
1174 
1162 
1157 
1152 
1156 
1158 
1158 
1156 
1155 
1154 
1156 
1154 
1147 
1141 
1142 
1142 
1141 
1147 
1149 
1143 
1141 
1145 
1153 
1153 
1155 
1156 
1155 
1156 
1157 
1157 
1157 
1161 
1168 
1172 
1177 
1173 
1171 
1173 
1172 
1175 
1179 
1177 
1181 
1171 
1177 
1177 
1177 
1173 
1177 
1179 
1166 
1161 
1158 
1158 
1161 
1161 
1161 
1161 
1164 
1167 
1167 
1168 
1168 
1171 
1172 
1173 
1171 
1175 
1181 
1185 
1185 
1185 
1189 
1189 
1185 
1187 
1181 
1180 
1176 
1182 
1184 
1187 
1188 
1190 
1194 
1193 
1198 
1196 
1200 
1197 
1200 
1196 
1195 
1195 
1190 
1190 
1189 
1185 
1185 
1187 
1191 
1187 
1187 
1190 
1192 
1195 
1193 
1197 
1207 
1204 
1200 
1205 
1203 
1194 
1192 
1183 
1178 
1184 
1172 
1172 
1172 
1176 
1170 
1176 
1181 
1184 
1183 
1187 
1185 
1180 
1179 
1186 
1184 
1185 
1188 
1180 
1183 
1180 
1176 
1176 
1175 
1171 
1151 
1148 
1150 
1150 
1150 
1151 
1151 
1148 
1152 
1153 
1152 
1152 
1152 
1151 
1151 
1151 
1164 
1168 
1172 
1169 
1173 
1173 
1172 
1172 
1169 
1171 
1174 
1173 
1173 
1174 
1176 
1176 
1179 
1176 
1171 
1171 
1169 
1171 
1175 
1175 
1180 
1178 
1177 
1181 
1178 
1179 
1179 
1182 
1185 
1186 
1182 
1180 
1180 
1181 
1178 
1180 
1180 
1180 
1180 
1184 
1180 
1179 
1181 
1179 
1181 
1177 
1179 
1180 
1177 
1181 
1180 
1178 
1182 
1182 
1187 
1192 
1194 
1196 
1185 
1190 
1194 
1190 
1193 
1184 
1185 
1190 
1191 
1194 
1193 
1193 
1198 
1203 
1198 
1201 
1203 
1208 
1207 
1204 
1198 
1195 
1187 
1191 
1197 
1193 
1203 
1197 
1195 
1193 
1201 
1198 
1202 
1200 
1197 
1194 
1210 
1216 
1211 
1211 
1213 
1221 
1236 
1227 
1220 
1216 
1210 
1205 
1205 
1211 
1218 
1219 
1229 
1222 
1242 
1254 
1255 
1257 
1254 
1253 
1257 
1251 
1259 
1248 
1241 
1247 
1251 
1251 
1251 
1260 
1249 
1250 
1238 
1240 
1250 
1232 
1240 
1225 
1216 
1202 
1190 
1192 
1195 
1187 
1189 
1184 
1195 
1193 
1193 
1197 
1196 
1203 
1204 
1200 
1201 
1205 
1204 
1190 
1174 
1177 
1175 
1181 
1176 
1164 
1171 
1170 
1173 
1169 
1168 
1176 
1175 
1176 
1170 
1173 
1176 
1172 
1177 
1176 
1182 
1179 
1192 
1189 
1196 
1195 
1190 
1186 
1190 
1196 
1196 
1197 
1201 
1201 
1203 
1198 
1202 
1201 
1206 
1201 
1213 
1216 
1221 
1215 
1212 
1225 
1217 
1215 
1217 
1210 
1210 
1208 
1206 
1211 
1214 
1217 
1216 
1217 
1207 
1206 
1211 
1206 
1207 
1199 
1204 
1215 
1217 
1220 
1224 
1221 
1222 
1233 
1224 
1227 
1230 
1237 
1233 
1239 
1240 
1252 
1244 
1258 
1270 
1254 
1261 
1257 
1243 
1246 
1247 
1238 
1232 
1225 
1233 
1229 
1230 
1227 
1229 
1226 
1230 
1223 
1205 
1213 
1215 
1221 
1216 
1198 
1208 
1203 
1200 
1198 
1191 
1200 
1206 
1207 
1205 
1203 
1206 
1197 
1203 
1200 
1201 
1199 
1193 
1198 
1191 
1180 
1181 
1205 
1198 
1201 
1213 
1201 
1211 
1202 
1186 
1185 
1193 
1196 
1201 
1205 
1173 
1167 
1180 
1170 
1170 
1178 
1176 
1162 
1181 
1185 
1185 
1184 
1187 
1193 
1210 
1206 
1201 
1209 
1211 
1204 
1204 
1208 
1205 
1215 
1214 
1224 
1231 
1220 
1238 
1233 
1224 
1224 
1238 
1227 
1231 
1213 
1229 
1229 
1225 
1231 
1231 
1235 
1239 
1228 
1224 
1255 
1251 
1252 
1259 
1257 
1265 
1273 
1282 
1284 
1280 
1285 
1287 
1290 
1286 
1284 
1283 
1289 
1289 
1298 
1293 
1303 
1302 
1313 
1304 
1307 
1308 
1321 
1314 
1332 
1334 
1335 
1333 
1335 
1332 
1333 
1326 
1324 
1324 
1323 
1330 
1322 
1322 
1324 
1327 
1323 
1328 
1321 
1322 
1321 
1318 
1317 
1316 
1314 
1312 
1312 
1310 
1311 
1311 
1313 
1325 
1319 
1322 
1320 
1319 
1319 
1314 
1315 
1316 
1312 
1310 
1311 
1315 
1315 
1315 
1315 
1313 
1312 
1312 
1313 
1315 
1309 
1306 
1309 
1316 
1323 
1326 
1315 
1333 
1315 
1325 
1312 
1311 
1312 
1307 
1315 
1307 
1307 
1305 
1297 
1304 
1315 
1322 
1326 
1314 
1324 
1313 
1313 
1303 
1304 
1295 
1287 
1287 
1289 
1289 
1270 
1269 
1273 
1278 
1278 
1269 
1266 
1269 
1276 
1278 
1264 
1267 
1260 
1257 
1271 
1287 
1278 
1278 
1279 
1289 
1278 
1279 
1287 
1283 
1290 
1278 
1295 
1297 
1301 
1301 
1301 
1302 
1298 
1293 
1295 
1299 
1297 
1303 
1307 
1305 
1304 
1302 
1304 
1299 
1298 
1297 
1303 
1314 
1314 
1317 
1316 
1317 
1322 
1314 
1304 
1313 
1309 
1313 
1302 
1310 
1300 
1304 
1301 
1299 
1295 
1298 
1290 
1285 
1297 
1293 
1288 
1291 
1284 
1281 
1280 
1283 
1289 
1285 
1284 
1285 
1286 
1289 
1286 
1290 
1291 
1289 
1283 
1279 
1292 
1288 
1285 
1291 
1289 
1292 
1293 
1284 
1297 
1303 
1307 
1295 
1305 
1301 
1314 
1319 
1311 
1306 
1309 
1311 
1319 
1311 
1308 
1299 
1312 
1297 
1296 
1294 
1292 
1293 
1296 
1302 
1303 
1301 
1302 
1297 
1303 
1304 
1304 
1296 
1301 
1298 
1292 
1288 
1294 
1291 
1290 
1287 
1288 
1287 
1288 
1285 
1280 
1284 
1293 
1294 
1296 
1288 
1279 
1288 
1301 
1304 
1296 
1302 
1308 
1303 
1298 
1302 
1307 
1298 
1302 
1301 
1292 
1292 
1309 
1317 
1322 
1325 
1306 
1311 
1310 
1316 
1308 
1299 
1314 
1327 
1332 
1322 
1329 
1323 
1340 
1341 
1347 
1358 
1347 
1353 
1335 
1325 
1310 
1303 
1308 
1313 
1316 
1297 
1303 
1295 
1299 
1285 
1288 
1271 
1271 
1271 
1267 
1277 
1267 
1275 
1269 
1259 
1259 
1246 
1248 
1248 
1242 
1240 
1236 
1248 
1250 
1241 
1251 
1246 
1260 
1267 
1266 
1272 
1260 
1257 
1257 
1257 
1260 
1259 
1261 
1283 
1274 
1276 
1274 
1274 
1270 
1278 
1278 
1280 
1285 
1281 
1279 
1270 
1255 
1266 
1265 
1263 
1271 
1278 
1261 
1254 
1258 
1259 
1252 
1237 
1226 
1217 
1214 
1204 
1208 
1202 
1201 
1193 
1183 
1191 
1182 
1200 
1200 
1217 
1206 
1218 
1208 
1189 
1189 
1182 
1203 
1176 
1167 
1161 
1144 
1142 
1138 
1133 
1140 
1138 
1132 
1135 
1138 
1134 
1134 
1136 
1137 
1138 
1144 
1135 
1136 
1139 
1137 
1136 
1131 
1130 
1139 
1140 
1129 
1125 
1115 
1115 
1122 
1118 
1114 
1117 
1117 
1120 
1119 
1113 
1113 
1113 
1118 
1123 
1129 
1129 
1125 
1126 
1131 
1129 
1115 
1110 
1110 
1110 
1109 
1111 
1108 
1105 
1104 
1106 
1109 
1109 
1110 
1111 
1114 
1114 
1114 
1114 
1114 
1115 
1114 
1115 
1115 
1115 
1115 
1115 
1115 
1115 
1118 
1116 
1115 
1116 
1116 
1116 
1118 
1114 
1116 
1116 
1115 
1113 
1112 
1112 
1114 
1113 
1113 
1112 
1116 
1117 
1118 
1120 
1117 
1117 
1116 
1114 
1115 
1115 
1116 
1118 
1118 
1119 
1118 
1119 
1119 
1122 
1116 
1115 
1120 
1113 
1114 
1114 
1116 
1114 
1116 
1118 
1126 
1128 
1131 
1129 
1138 
1134 
1130 
1132 
1134 
1131 
1122 
1121 
1114 
1115 
1115 
1115 
1109 
1112 
1110 
1110 
1111 
1112 
1111 
1110 
1110 
1110 
1111 
1109 
1108 
1109 
1109 
1109 
1109 
1110 
1114 
1114 
1108 
1107 
1110 
1110 
1108 
1114 
1116 
1113 
1113 
1107 
1107 
1110 
1113 
1113 
1109 
1111 
1114 
1118 
1119 
1119 
1118 
1119 
1119 
1120 
1121 
1122 
1120 
1119 
1119 
1123 
1121 
1131 
1129 
1135 
1137 
1144 
1138 
1134 
1133 
1129 
1130 
1126 
1131 
1130 
1116 
1120 
1123 
1130 
1133 
1130 
1129 
1131 
1129 
1125 
1124 
1126 
1127 
1127 
1125 
1128 
1127 
1134 
1128 
1122 
1125 
1137 
1143 
1154 
1135 
1136 
1153 
1137 
1127 
1134 
1129 
1136 
1140 
1143 
1134 
1133 
1131 
1132 
1134 
1136 
1131 
1129 
1137 
1134 
1129 
1132 
1133 
1126 
1140 
1147 
1152 
1149 
1157 
1159 
1159 
1155 
1162 
1162 
1171 
1174 
1171 
1174 
1180 
1177 
1176 
1165 
1172 
1181 
1187 
1185 
1183 
1185 
1193 
1194 
1197 
1202 
1202 
1203 
1205 
1207 
1206 
1205 
1206 
1207 
1205 
1206 
1208 
1206 
1205 
1206 
1203 
1204 
1204 
1207 
1216 
1211 
1217 
1216 
1218 
1213 
1206 
1209 
1207 
1206 
1203 
1204 
1199 
1194 
1193 
1192 
1198 
1191 
1195 
1195 
1194 
1194 
1194 
1186 
1184 
1188 
1190 
1191 
1194 
1200 
1201 
1199 
1204 
1201 
1207 
1207 
1209 
1207 
1209 
1201 
1201 
1202 
1204 
1206 
1203 
1201 
1202 
1204 
1202 
1204 
1211 
1210 
1210 
1205 
1196 
1189 
1185 
1186 
1184 
1179 
1186 
1190 
1184 
1175 
1169 
1164 
1167 
1165 
1158 
1157 
1156 
1156 
1159 
1163 
1160 
1167 
1166 
1168 
1163 
1167 
1172 
1171 
1169 
1160 
1171 
1184 
1185 
1184 
1188 
1187 
1185 
1187 
1185 
1190 
1186 
1239 
1194 
1196 
1203 
1200 
1207 
1210 
1207 
1201 
1197 
1196 
1202 
1201 
1196 
1197 
1189 
1189 
1176 
1174 
1187 
1190 
1190 
1200 
1190 
1195 
1219 
1225 
1223 
1220 
1225 
1228 
1228 
1228 
1229 
1231 
1233 
1226 
1215 
1223 
1226 
1231 
1224 
1223 
1228 
1225 
1223 
1221 
1228 
1234 
1226 
1236 
1235 
1232 
1229 
1236 
1238 
1241 
1242 
1233 
1226 
1223 
1224 
1222 
1215 
1207 
1215 
1209 
1186 
1185 
1175 
1177 
1175 
1177 
1177 
1175 
1178 
1170 
1172 
1173 
1171 
1173 
1170 
1181 
1171 
1176 
1171 
1182 
1170 
1162 
1171 
1182 
1175 
1181 
1175 
1176 
1178 
1175 
1151 
1162 
1163 
1177 
1190 
1201 
1211 
1210 
1208 
1207 
1205 
1197 
1192 
1209 
1209 
1208 
1207 
1208 
1209 
1205 
1213 
1216 
1212 
1206 
1211 
1232 
1236 
1241 
1240 
1244 
1244 
1256 
1250 
1268 
1291 
1300 
1310 
1319 
1316 
1318 
1316 
1316 
1316 
1316 
1317 
1313 
1315 
1318 
1318 
1316 
1319 
1315 
1315 
1316 
1325 
1325 
1327 
1321 
1325 
1324 
1353 
1347 
1319 
1336 
1364 
1370 
1370 
1384 
1381 
1388 
1385 
1366 
1364 
1381 
1394 
1401 
1398 
1391 
1388 
1385 
1367 
1393 
1377 
1366 
1362 
1362 
1361 
1343 
1327 
1330 
1345 
1356 
1349 
1321 
1320 
1303 
1302 
1301 
1295 
1317 
1281 
1316 
1322 
1324 
1309 
1335 
1327 
1336 
1339 
1320 
1257 
1235 
1236 
1234 
1211 
1241 
1221 
1200 
1226 
1261 
1281 
1286 
1281 
1265 
1284 
1267 
1276 
1302 
1316 
1303 
1327 
1336 
1332 
1351 
1370 
1361 
1364 
1383 
1371 
1369 
1376 
1386 
1384 
1397 
1386 
1352 
1412 
1439 
1380 
1403 
1391 
1390 
1397 
1401 
1391 
1392 
1391 
1397 
1401 
1406 
1401 
1400 
1381 
1376 
1377 
1386 
1402 
1442 
1448 
1412 
1402 
1402 
1385 
1382 
1401 
1385 
1337 
1347 
1341 
1337 
1331 
1344 
1348 
1361 
1363 
1364 
1356 
1381 
1376 
1382 
1396 
1381 
1401 
1351 
1376 
1385 
1413 
1451 
1441 
1401 
1391 
1381 
1360 
1361 
1386 
1373 
1344 
1352 
1418 
1462 
1482 
1474 
1436 
1464 
1535 
1576 
1585 
1583 
1627 
1611 
1553 
1549 
1527 
1612 
1651 
1642 
1631 
1661 
1651 
1664 
1708 
1670 
1694 
1625 
1611 
1601 
1582 
1562 
1551 
1563 
1554 
1570 
1501 
1500 
1524 
1680 
1680 
1679 
1695 
1742 
1703 
1643 
1586 
1570 
1625 
1609 
1743 
1701 
1702 
1733 
1703 
1674 
1852 
1710 
1695 
1600 
1262 
1410 
1353 
1832 
1853 
1800 
1500 
1455 
1483 
1407 
1353 
1600 
1603 
1690 
1400 
1450 
1230 
1148 
1125 
1267 
1195 
1168 
1127 
1101 
1100 
1115 
1068 
1105 
1060 
1025 
1018 
990 
987 
984 
991 
1000 
982 
980 
969 
967 
974 
970 
965 
970 
954 
944 
933 
919 
918 
927 
922 
917 
917 
917 
917 
916 
915 
917 
917 
917 
917 
916 
913 
911 
911 
917 
917 
915 
916 
916 
914 
915 
914 
910 
909 
908 
908 
910 
911 
911 
910 
910 
909 
907 
906 
903 
905 
905 
906 
903 
905 
903 
899 
898 
900 
900 
897 
895 
896 
896 
895 
894 
895 
893 
892 
891 
891 
892 
894 
893 
893 
894 
894 
895 
895 
894 
896 
896 
894 
893 
893 
892 
892 
890 
889 
889 
889 
887 
889 
891 
890 
890 
890 
890 
889 
890 
890 
890 
890 
890 
890 
889 
892 
892 
893 
893 
891 
891 
894 
894 
894 
893 
893 
894 
895 
894 
890 
893 
894 
893 
891 
894 
894 
893 
893 
893 
893 
894 
897 
895 
894 
893 
892 
893 
895 
894 
894 
892 
894 
894 
894 
896 
896 
894 
894 
897 
895 
892 
897 
896 
897 
896 
896 
897 
898 
897 
901 
890 
892 
891 
887 
886 
886 
886 
885 
877 
881 
880 
876 
877 
879 
878 
867 
870 
866 
865 
866 
867 
865 
864 
865 
861 
854 
859 
868 
882 
876 
877 
874 
871 
871 
868 
869 
872 
871 
869 
866 
864 
861 
862 
859 
856 
854 
856 
854 
851 
849 
850 
850 
850 
849 
853 
848 
847 
845 
846 
845 
847 
850 
845 
844 
846 
847 
845 
846 
845 
845 
843 
843 
843 
846 
846 
844 
839 
836 
834 
833 
833 
831 
832 
829 
828 
829 
832 
831 
831 
830 
830 
831 
829 
829 
830 
829 
831 
829 
827 
829 
828 
829 
826 
827 
825 
832 
832 
834 
831 
830 
828 
828 
832 
832 
827 
826 
828 
828 
828 
833 
832 
828 
827 
825 
820 
821 
821 
824 
822 
821 
821 
821 
821 
822 
819 
827 
828 
828 
823 
822 
821 
820 
819 
819 
817 
818 
818 
819 
819 
818 
820 
818 
818 
818 
820 
818 
819 
819 
819 
818 
821 
815 
815 
814 
814 
814 
815 
813 
813 
813 
812 
812 
814 
813 
812 
814 
813 
812 
812 
812 
811 
813 
812 
814 
812 
810 
810 
811 
813 
810 
804 
813 
808 
810 
809 
808 
810 
811 
810 
811 
799 
798 
800 
797 
797 
794 
795 
790 
789 
788 
787 
788 
787 
788 
788 
787 
788 
783 
782 
782 
781 
781 
780 
780 
779 
778 
778 
778 
778 
778 
778 
778 
778 
778 
778 
779 
778 
779 
778 
779 
779 
779 
779 
779 
779 
781 
782 
782 
783 
783 
782 
781 
780 
780 
780 
780 
780 
781 
783 
783 
782 
782 
783 
783 
785 
782 
782 
782 
781 
781 
780 
780 
781 
778 
778 
777 
780 
779 
783 
783 
782 
779 
780 
780 
779 
779 
780 
778 
778 
779 
778 
780 
781 
780 
778 
777 
780 
785 
784 
785 
783 
785 
786 
788 
787 
789 
789 
789 
791 
791 
792 
789 
790 
788 
786 
787 
788 
786 
778 
775 
776 
774 
772 
772 
772 
773 
772 
772 
771 
771 
771 
771 
770 
770 
769 
770 
770 
770 
770 
769 
769 
771 
769 
769 
768 
769 
769 
768 
769 
771 
770 
769 
769 
768 
769 
769 
768 
770 
771 
771 
772 
770 
767 
765 
765 
766 
766 
766 
766 
765 
767 
766 
767 
767 
768 
768 
768 
768 
769 
767 
768 
770 
767 
769 
768 
768 
769 
768 
769 
768 
769 
768 
772 
776 
775 
778 
774 
777 
774 
772 
771 
771 
771 
770 
768 
773 
772 
778 
775 
773 
776 
777 
775 
775 
776 
787 
781 
771 
764 
762 
761 
759 
758 
758 
759 
758 
760 
758 
757 
757 
757 
756 
756 
756 
756 
756 
756 
757 
757 
759 
759 
757 
757 
757 
758 
757 
756 
756 
756 
756 
758 
757 
758 
759 
760 
760 
761 
761 
760 
760 
761 
762 
764 
762 
763 
766 
761 
761 
761 
761 
762 
760 
758 
760 
760 
760 
760 
760 
761 
762 
760 
761 
762 
762 
763 
763 
764 
760 
760 
760 
761 
762 
763 
762 
762 
762 
761 
761 
762 
762 
763 
765 
767 
766 
768 
769 
771 
770 
769 
768 
769 
772 
771 
772 
771 
769 
770 
772 
771 
769 
769 
769 
766 
771 
774 
775 
776 
779 
780 
781 
780 
783 
785 
784 
786 
790 
790 
789 
790 
786 
786 
787 
788 
788 
791 
794 
795 
793 
789 
792 
794 
792 
791 
790 
790 
793 
789 
789 
789 
789 
789 
785 
787 
789 
792 
791 
792 
793 
792 
791 
794 
791 
789 
790 
791 
792 
790 
790 
789 
788 
789 
789 
790 
790 
791 
791 
791 
791 
792 
792 
794 
794 
792 
793 
793 
791 
792 
791 
791 
791 
792 
793 
794 
794 
794 
795 
795 
795 
795 
796 
796 
796 
797 
796 
797 
797 
797 
797 
797 
797 
797 
797 
798 
797 
797 
797 
797 
797 
798 
797 
798 
798 
800 
799 
801 
799 
799 
800 
801 
800 
799 
799 
799 
800 
799 
799 
799 
799 
800 
801 
803 
802 
801 
800 
800 
800 
800 
800 
800 
800 
801 
801 
802 
801 
801 
801 
801 
801 
801 
801 
802 
802 
802 
803 
804 
804 
804 
804 
805 
806 
806 
805 
805 
805 
804 
803 
803 
803 
803 
803 
803 
802 
802 
802 
803 
803 
805 
806 
805 
807 
808 
807 
806 
806 
806 
806 
806 
806 
806 
807 
806 
805 
805 
805 
807 
807 
807 
806 
807 
809 
808 
807 
806 
807 
807 
807 
807 
806 
806 
807 
806 
807 
806 
806 
806 
806 
807 
807 
806 
806 
806 
807 
806 
806 
806 
806 
806 
806 
806 
807 
808 
807 
806 
806 
808 
808 
808 
807 
807 
807 
807 
807 
807 
807 
809 
809 
809 
809 
810 
810 
811 
811 
809 
810 
810 
810 
807 
807 
807 
808 
809 
808 
808 
808 
808 
807 
807 
806 
807 
807 
807 
807 
809 
808 
809 
808 
808 
807 
808 
808 
809 
808 
808 
809 
809 
810 
810 
811 
811 
810 
813 
811 
811 
811 
811 
809 
808 
808 
808 
808 
809 
808 
808 
809 
809 
810 
810 
810 
812 
812 
812 
811 
811 
811 
811 
812 
814 
813 
811 
809 
807 
807 
808 
809 
808 
808 
808 
810 
811 
812 
811 
810 
811 
811 
810 
809 
809 
809 
810 
809 
810 
810 
808 
808 
808 
808 
808 
808 
807 
806 
807 
806 
808 
807 
807 
806 
806 
806 
807 
807 
807 
807 
807 
807 
807 
808 
809 
809 
810 
809 
809 
809 
809 
810 
809 
810 
811 
811 
810 
812 
812 
811 
812 
813 
814 
812 
810 
810 
810 
809 
809 
809 
809 
809 
811 
812 
810 
809 
809 
809 
808 
808 
807 
807 
809 
808 
807 
808 
808 
808 
808 
808 
808 
810 
810 
811 
811 
810 
810 
811 
810 
809 
810 
809 
808 
809 
808 
806 
806 
806 
807 
806 
806 
807 
808 
809 
809 
808 
808 
809 
808 
808 
807 
806 
806 
806 
804 
804 
804 
805 
804 
803 
803 
803 
804 
804 
802 
803 
803 
805 
803 
802 
802 
802 
801 
802 
801 
802 
802 
803 
804 
804 
803 
803 
802 
802 
802 
801 
801 
801 
801 
802 
803 
802 
801 
803 
801 
800 
800 
800 
799 
798 
797 
797 
797 
797 
796 
796 
796 
796 
796 
796 
796 
796 
796 
796 
796 
796 
796 
796 
796 
796 
796 
796 
796 
796 
796 
795 
794 
794 
794 
793 
793 
793 
793 
793 
793 
793 
792 
792 
793 
794 
792 
792 
793 
793 
794 
794 
795 
795 
794 
795 
796 
795 
796 
797 
797 
796 
796 
798 
797 
797 
797 
796 
797 
798 
797 
796 
796 
796 
795 
794 
794 
794 
794 
794 
794 
792 
790 
792 
792 
793 
793 
792 
790 
793 
792 
792 
791 
789 
787 
787 
789 
790 
790 
789 
790 
790 
791 
790 
790 
790 
790 
791 
791 
790 
789 
790 
789 
788 
786 
786 
786 
785 
785 
785 
785 
786 
788 
788 
787 
786 
785 
784 
783 
782 
782 
782 
783 
782 
782 
782 
782 
782 
781 
782 
783 
783 
784 
783 
783 
783 
782 
782 
783 
783 
783 
784 
785 
785 
785 
784 
784 
786 
786 
785 
785 
786 
788 
787 
786 
787 
786 
786 
785 
784 
785 
786 
786 
785 
784 
784 
784 
785 
785 
786 
786 
785 
785 
788 
787 
786 
788 
789 
790 
791 
791 
791 
791 
791 
790 
790 
790 
790 
791 
789 
789 
789 
789 
788 
787 
789 
787 
789 
788 
787 
787 
787 
787 
787 
786 
787 
788 
788 
787 
787 
787 
786 
787 
786 
786 
787 
790 
790 
791 
790 
791 
791 
791 
791 
791 
791 
791 
790 
789 
790 
789 
788 
787 
788 
788 
787 
787 
786 
784 
784 
784 
784 
786 
785 
785 
784 
782 
784 
784 
784 
783 
783 
782 
782 
783 
783 
782 
781 
781 
779 
778 
779 
779 
779 
779 
779 
780 
780 
779 
776 
779 
780 
781 
780 
779 
779 
779 
777 
777 
776 
775 
775 
775 
775 
775 
774 
774 
774 
774 
773 
774 
773 
772 
771 
771 
770 
770 
769 
769 
768 
768 
769 
768 
768 
768 
768 
767 
767 
767 
768 
768 
767 
766 
766 
766 
765 
764 
764 
765 
764 
764 
762 
762 
762 
762 
762 
762 
763 
764 
764 
765 
764 
764 
764 
764 
763 
763 
763 
763 
762 
762 
762 
761 
761 
758 
759 
759 
759 
761 
760 
760 
759 
759 
759 
759 
758 
758 
758 
758 
757 
757 
756 
757 
756 
755 
755 
755 
754 
754 
754 
755 
755 
754 
754 
755 
755 
754 
753 
753 
753 
752 
752 
751 
752 
752 
752 
752 
752 
753 
752 
752 
751 
750 
750 
749 
750 
750 
750 
748 
749 
750 
750 
749 
751 
750 
750 
751 
751 
751 
749 
745 
745 
743 
742 
740 
742 
741 
741 
742 
742 
739 
736 
737 
740 
741 
740 
739 
740 
741 
740 
739 
739 
740 
737 
737 
734 
733 
733 
733 
732 
731 
731 
733 
734 
734 
734 
734 
734 
733 
730 
729 
728 
728 
728 
727 
727 
726 
726 
727 
725 
725 
727 
729 
731 
731 
731 
731 
731 
732 
732 
731 
732 
731 
730 
730 
729 
729 
728 
726 
725 
725 
727 
729 
729 
728 
725 
725 
725 
726 
725 
723 
725 
726 
727 
726 
726 
726 
726 
725 
723 
723 
723 
724 
725 
725 
726 
727 
726 
726 
725 
726 
726 
727 
728 
727 
726 
725 
724 
724 
723 
724 
724 
724 
726 
725 
725 
725 
725 
726 
725 
725 
725 
725 
726 
726 
726 
726 
726 
726 
726 
726 
725 
725 
725 
725 
724 
725 
726 
726 
725 
725 
725 
726 
726 
725 
725 
725 
725 
725 
725 
725 
725 
725 
725 
724 
724 
724 
725 
724 
723 
722 
721 
722 
723 
721 
721 
721 
721 
722 
722 
721 
721 
720 
720 
720 
719 
719 
719 
719 
719 
719 
719 
720 
719 
719 
719 
718 
719 
718 
718 
718 
717 
717 
718 
717 
716 
717 
717 
717 
717 
718 
717 
717 
716 
717 
718 
718 
717 
717 
717 
716 
715 
716 
715 
714 
714 
714 
713 
712 
713 
713 
713 
713 
713 
714 
715 
714 
714 
714 
714 
714 
714 
715 
715 
716 
715 
715 
716 
715 
714 
713 
714 
714 
714 
716 
716 
717 
717 
716 
716 
715 
715 
716 
715 
715 
714 
714 
714 
714 
713 
713 
713 
713 
713 
713 
713 
714 
714 
714 
716 
715 
715 
716 
717 
716 
716 
715 
715 
716 
716 
715 
714 
714 
714 
714 
714 
715 
716 
715 
716 
716 
716 
716 
718 
718 
718 
716 
716 
716 
715 
715 
715 
714 
714 
713 
714 
715 
715 
715 
716 
716 
716 
716 
715 
716 
716 
716 
716 
716 
716 
717 
718 
717 
716 
716 
716 
716 
716 
716 
716 
717 
716 
717 
716 
716 
716 
717 
716 
716 
716 
716 
716 
715 
715 
714 
714 
714 
712 
711 
712 
715 
715 
714 
715 
715 
713 
712 
712 
711 
711 
711 
710 
710 
711 
710 
709 
708 
709 
709 
710 
709 
709 
708 
708 
708 
709 
710 
710 
710 
709 
709 
709 
710 
710 
709 
709 
708 
708 
707 
705 
704 
703 
704 
704 
702 
701 
701 
700 
700 
699 
700 
701 
701 
701 
701 
701 
700 
698 
697 
696 
697 
697 
696 
695 
694 
694 
693 
693 
693 
692 
692 
692 
692 
692 
691 
691 
691 
691 
690 
690 
689 
688 
688 
688 
688 
688 
688 
687 
687 
687 
686 
686 
685 
685 
684 
684 
684 
684 
684 
681 
681 
681 
680 
679 
679 
679 
678 
678 
677 
676 
676 
676 
677 
676 
676 
676 
676 
676 
675 
675 
676 
675 
675 
676 
675 
675 
675 
675 
675 
675 
675 
675 
675 
675 
675 
675 
675 
675 
675 
674 
674 
674 
674 
674 
674 
674 
674 
674 
674 
674 
674 
674 
674 
674 
674 
674 
673 
673 
673 
673 
673 
673 
673 
673 
673 
673 
673 
673 
673 
673 
673 
673 
673 
673 
673 
673 
672 
672 
672 
672 
672 
672 
672 
671 
672 
671 
673 
671 
671 
671 
671 
671 
671 
671 
671 
670 
670 
670 
670 
670 
670 
670 
667 
670 
670 
670 
670 
670 
670 
670 
670 
670 
670 
670 
670 
670 
670 
670 
670 
670 
670 
670 
669 
669 
669 
669 
669 
670 
670 
670 
670 
670 
670 
669 
669 
669 
669 
669 
669 
669 
669 
669 
669 
670 
670 
670 
669 
669 
669 
669 
669 
669 
669 
669 
669 
669 
669 
669 
669 
669 
669 
669 
669 
669 
669 
669 
669 
669 
669 
670 
670 
670 
670 
670 
670 
670 
670 
671 
673 
674 
675 
676 
676 
676 
676 
675 
676 
676 
676 
676 
676 
676 
676 
676 
676 
676 
675 
675 
675 
676 
676 
676 
676 
677 
677 
677 
678 
678 
679 
679 
680 
681 
681 
682 
682 
683 
683 
683 
683 
684 
684 
683 
683 
683 
683 
683 
684 
685 
686 
685 
685 
686 
686 
687 
687 
687 
687 
687 
687 
686 
687 
687 
688 
688 
688 
687 
687 
688 
688 
688 
688 
687 
688 
688 
688 
688 
688 
688 
688 
689 
689 
690 
690 
691 
691 
691 
692 
693 
694 
694 
694 
695 
696 
696 
698 
700 
700 
701 
700 
701 
703 
703 
704 
704 
706 
707 
707 
707 
709 
710 
711 
711 
712 
713 
715 
716 
718 
720 
721 
721 
721 
722 
722 
722 
722 
723 
723 
723 
723 
723 
723 
723 
723 
723 
723 
723 
723 
723 
723 
724 
724 
725 
725 
725 
725 
725 
725 
725 
726 
725 
725 
726 
726 
726 
726 
726 
726 
727 
727 
726 
726 
726 
726 
726 
726 
727 
727 
727 
727 
727 
727 
727 
728 
728 
729 
729 
729 
729 
729 
729 
729 
729 
730 
731 
732 
731 
732 
732 
732 
732 
732 
732 
732 
732 
732 
732 
732 
732 
732 
732 
732 
733 
733 
735 
736 
737 
736 
736 
736 
736 
736 
736 
737 
738 
738 
739 
739 
738 
738 
739 
739 
740 
741 
742 
743 
744 
744 
744 
743 
743 
744 
744 
744 
744 
744 
744 
744 
744 
744 
746 
747 
746 
746 
746 
747 
747 
747 
747 
747 
748 
750 
750 
749 
751 
752 
753 
754 
754 
756 
757 
757 
757 
757 
758 
760 
761 
761 
762 
764 
765 
765 
764 
764 
764 
766 
768 
768 
770 
772 
773 
775 
775 
777 
778 
780 
782 
784 
784 
783 
783 
784 
785 
785 
785 
786 
788 
788 
788 
788 
789 
790 
791 
791 
792 
793 
794 
795 
796 
795 
795 
795 
795 
796 
796 
796 
797 
798 
798 
798 
798 
798 
799 
799 
799 
799 
799 
799 
799 
799 
799 
799 
800 
800 
800 
800 
800 
801 
801 
801 
801 
802 
802 
803 
802 
802 
802 
803 
803 
803 
804 
804 
804 
805 
805 
806 
807 
808 
808 
808 
808 
808 
808 
809 
809 
809 
809 
809 
810 
810 
810 
810 
810 
810 
810 
810 
809 
809 
810 
810 
810 
810 
810 
810 
810 
810 
810 
810 
810 
810 
810 
810 
811 
811 
811 
811 
811 
811 
812 
811 
811 
811 
812 
812 
812 
812 
812 
812 
812 
813 
812 
812 
812 
812 
812 
812 
812 
812 
812 
812 
812 
812 
812 
812 
812 
812 
812 
812 
812 
812 
812 
812 
811 
812 
812 
812 
812 
812 
812 
813 
813 
813 
814 
814 
815 
815 
815 
815 
816 
816 
817 
817 
817 
817 
818 
821 
823 
825 
825 
825 
827 
827 
826 
828 
828 
828 
828 
828 
830 
830 
831 
833 
835 
835 
836 
836 
836 
836 
836 
837 
837 
838 
838 
839 
839 
840 
841 
843 
842 
842 
844 
844 
844 
843 
845 
846 
847 
848 
848 
849 
849 
850 
851 
851 
851 
852 
853 
853 
852 
853 
854 
855 
856 
856 
857 
858 
858 
858 
859 
859 
859 
859 
859 
859 
859 
859 
859 
859 
860 
860 
860 
860 
860 
860 
860 
861 
860 
860 
861 
861 
861 
861 
860 
861 
862 
861 
861 
862 
862 
862 
862 
862 
862 
861 
862 
863 
863 
864 
864 
864 
865 
865 
865 
865 
865 
865 
865 
865 
865 
866 
866 
867 
868 
870 
871 
871 
871 
871 
871 
870 
870 
870 
869 
869 
868 
868 
869 
870 
872 
873 
873 
872 
872 
873 
872 
872 
872 
872 
873 
876 
876 
877 
877 
878 
878 
877 
877 
877 
879 
879 
878 
878 
878 
878 
878 
879 
878 
878 
878 
880 
880 
880 
880 
881 
881 
881 
881 
881 
882 
883 
883 
883 
883 
882 
883 
883 
883 
883 
884 
884 
883 
884 
884 
884 
884 
884 
883 
883 
885 
885 
885 
885 
884 
885 
885 
886 
886 
886 
887 
887 
888 
887 
888 
887 
888 
889 
888 
888 
888 
889 
889 
889 
890 
889 
889 
888 
888 
889 
889 
889 
889 
890 
890 
889 
889 
887 
887 
887 
888 
888 
888 
889 
889 
890 
890 
891 
891 
890 
890 
891 
890 
891 
890 
891 
891 
892 
891 
892 
892 
892 
893 
892 
892 
891 
892 
891 
890 
889 
889 
888 
889 
888 
888 
888 
887 
888 
888 
889 
889 
889 
889 
888 
888 
887 
887 
887 
887 
886 
887 
887 
888 
888 
888 
889 
889 
888 
888 
889 
889 
890 
889 
889 
888 
888 
887 
888 
887 
887 
887 
886 
886 
886 
886 
886 
886 
887 
887 
887 
887 
887 
887 
887 
887 
886 
887 
887 
886 
887 
887 
887 
888 
887 
888 
888 
888 
889 
889 
889 
890 
890 
890 
890 
891 
890 
891 
891 
891 
892 
892 
893 
893 
893 
894 
894 
893 
893 
894 
894 
893 
893 
893 
892 
893 
893 
893 
893 
893 
893 
893 
893 
893 
894 
894 
893 
893 
894 
894 
894 
894 
894 
893 
893 
893 
892 
892 
892 
891 
892 
893 
892 
892 
893 
893 
893 
894 
894 
893 
894 
894 
895 
894 
894 
894 
894 
894 
894 
895 
895 
895 
895 
896 
895 
895 
895 
895 
895 
895 
895 
894 
894 
894 
894 
894 
893 
894 
894 
894 
894 
894 
894 
895 
894 
894 
895 
895 
894 
894 
895 
895 
894 
895 
895 
894 
894 
893 
893 
891 
887 
887 
887 
887 
886 
886 
886 
886 
885 
885 
885 
886 
886 
886 
886 
886 
886 
885 
883 
883 
880 
878 
879 
879 
879 
879 
879 
878 
878 
877 
875 
875 
875 
875 
875 
875 
874 
875 
875 
876 
876 
877 
876 
876 
876 
876 
876 
876 
877 
876 
875 
875 
876 
875 
876 
875 
875 
876 
875 
874 
874 
874 
873 
873 
873 
874 
874 
873 
873 
872 
871 
870 
871 
871 
870 
869 
870 
870 
871 
871 
871 
872 
871 
870 
869 
868 
868 
869 
868 
867 
866 
862 
860 
861 
861 
859 
860 
860 
861 
861 
862 
862 
860 
858 
858 
858 
855 
853 
853 
854 
854 
854 
852 
853 
853 
853 
849 
854 
852 
849 
849 
849 
850 
850 
850 
850 
848 
847 
845 
845 
846 
846 
844 
841 
839 
839 
838 
839 
838 
837 
837 
837 
836 
835 
834 
833 
833 
833 
833 
832 
833 
833 
832 
832 
833 
834 
834 
833 
832 
831 
832 
831 
832 
831 
831 
830 
830 
830 
829 
828 
827 
827 
827 
826 
825 
826 
826 
825 
825 
825 
825 
824 
824 
824 
824 
825 
824 
823 
823 
822 
823 
822 
821 
820 
819 
818 
818 
817 
817 
817 
816 
815 
816 
817 
818 
819 
820 
821 
820 
819 
819 
820 
821 
821 
822 
822 
823 
822 
821 
822 
821 
820 
819 
818 
817 
818 
818 
817 
816 
817 
816 
817 
818 
818 
817 
818 
817 
816 
816 
815 
816 
816 
815 
814 
814 
813 
812 
811 
810 
811 
811 
810 
810 
811 
812 
811 
810 
810 
810 
811 
811 
810 
811 
812 
813 
812 
812 
813 
814 
814 
814 
813 
812 
813 
814 
814 
813 
812 
812 
811 
811 
811 
812 
811 
810 
810 
809 
809 
808 
807 
806 
806 
805 
805 
806 
805 
805 
804 
803 
802 
802 
801 
801 
802 
801 
801 
800 
800 
799 
799 
800 
801 
800 
801 
800 
801 
801 
802 
803 
803 
802 
801 
802 
803 
803 
803 
802 
801 
800 
800 
800 
801 
801 
801 
800 
799 
798 
798 
797 
798 
797 
796 
796 
797 
796 
795 
795 
796 
795 
796 
795 
795 
795 
794 
794 
793 
794 
794 
795 
796 
797 
797 
796 
796 
795 
794 
793 
794 
795 
794 
793 
792 
792 
793 
794 
795 
795 
795 
797 
796 
797 
799 
799 
799 
799 
799 
799 
799 
799 
800 
800 
801 
801 
801 
801 
801 
801 
801 
801 
801 
802 
801 
800 
799 
800 
800 
800 
800 
800 
800 
800 
800 
800 
800 
800 
800 
800 
800 
800 
800 
800 
800 
800 
800 
800 
800 
800 
800 
800 
800 
798 
798 
798 
798 
798 
797 
797 
797 
797 
797 
797 
797 
797 
797 
797 
797 
797 
797 
797 
797 
797 
797 
795 
795 
795 
795 
794 
793 
793 
792 
792 
792 
791 
791 
791 
791 
791 
791 
791 
791 
791 
791 
791 
791 
791 
791 
791 
791 
791 
791 
791 
791 
791 
791 
791 
791 
791 
791 
791 
791 
791 
791 
791 
791 
791 
791 
790 
790 
790 
790 
789 
788 
788 
788 
788 
788 
788 
788 
788 
788 
788 
788 
787 
787 
787 
785 
785 
784 
784 
784 
784 
782 
782 
781 
781 
780 
780 
780 
780 
780 
780 
780 
780 
780 
780 
779 
778 
778 
778 
777 
777 
777 
777 
777 
777 
777 
777 
777 
777 
777 
777 
777 
776 
776 
776 
776 
776 
775 
774 
773 
773 
773 
772 
771 
771 
770 
770 
770 
769 
767 
767 
767 
767 
767 
767 
767 
767 
767 
767 
767 
767 
767 
767 
767 
767 
767 
766 
766 
766 
766 
766 
766 
766 
766 
766 
765 
765 
765 
765 
764 
764 
764 
764 
764 
764 
764 
764 
764 
762 
762 
762 
762 
759 
759 
759 
757 
757 
757 
757 
755 
755 
755 
755 
755 
755 
755 
755 
752 
752 
752 
752 
752 
752 
752 
752 
752 
752 
752 
752 
752 
752 
752 
752 
752 
752 
752 
751 
751 
751 
751 
751 
751 
751 
751 
751 
750 
750 
750 
749 
749 
749 
749 
749 
749 
749 
749 
748 
748 
748 
748 
748 
748 
748 
747 
747 
747 
747 
746 
746 
746 
746 
746 
746 
746 
746 
746 
746 
746 
746 
746 
746 
746 
746 
746 
746 
746 
746 
746 
746 
746 
746 
746 
746 
746 
746 
746 
746 
746 
745 
745 
745 
745 
745 
745 
744 
744 
744 
743 
743 
743 
743 
743 
743 
743 
743 
743 
743 
743 
743 
743 
743 
743 
743 
743 
743 
743 
743 
743 
743 
743 
743 
743 
743 
745 
745 
745 
745 
745 
745 
745 
745 
745 
745 
745 
745 
745 
745 
745 
745 
745 
745 
745 
745 
745 
744 
744 
744 
744 
744 
744 
744 
744 
744 
744 
743 
743 
743 
743 
743 
742 
742 
742 
742 
742 
744 
744 
744 
744 
744 
744 
744 
744 
744 
741 
741 
741 
741 
741 
740 
740 
740 
740 
740 
740 
739 
739 
739 
739 
737 
737 
737 
736 
736 
735 
735 
732 
732 
729 
729 
725 
725 
725 
725 
725 
725 
725 
724 
722 
722 
722 
722 
722 
722 
722 
722 
722 
722 
722 
722 
722 
722 
722 
722 
722 
722 
722 
722 
721 
721 
721 
721 
721 
720 
720 
719 
719 
719 
718 
718 
718 
718 
717 
717 
717 
717 
716 
716 
715 
715 
715 
715 
712 
712 
712 
712 
712 
712 
712 
712 
712 
712 
711 
711 
711 
711 
711 
711 
711 
711 
711 
710 
710 
709 
709 
709 
709 
709 
709 
709 
709 
708 
708 
707 
707 
707 
707 
707 
707 
706 
706 
706 
704 
703 
703 
703 
702 
701 
701 
701 
701 
701 
700 
696 
696 
696 
696 
696 
696 
695 
695 
695 
695 
692 
692 
692 
692 
692 
692 
691 
690 
690 
690 
690 
689 
688 
688 
688 
688 
688 
688 
688 
688 
688 
688 
688 
688 
688 
688 
688 
688 
685 
685 
685 
685 
685 
685 
685 
685 
685 
685 
681 
681 
681 
681 
681 
681 
681 
688 
681 
681 
681 
681 
681 
681 
688 
688 
688 
688 
688 
688 
688 
688 
688 
688 
688 
688 
688 
688 
688 
688 
688 
688 
688 
688 
688 
688 
688 
688 
688 
688 
688 
688 
688 
688 
688 
688 
688 
688 
688 
688 
688 
687 
687 
687 
687 
687 
687 
687 
687 
687 
687 
687 
687 
687 
687 
687 
687 
687 
687 
687 
687 
686 
686 
686 
683 
683 
683 
683 
685 
685 
685 
685 
685 
685 
685 
685 
685 
685 
685 
685 
685 
685 
685 
684 
684 
684 
684 
684 
684 
684 
684 
683 
683 
683 
683 
683 
683 
682 
681 
681 
680 
680 
680 
680 
680 
680 
680 
679 
678 
678 
678 
678 
677 
677 
677 
677 
677 
677 
677 
677 

Exchange_Rate